0 0.214162 0.271825 0.133681 0.170635
1 0.198165 0.419974 0.133433 0.160053
0 0.213046 0.572586 0.126488 0.166336
0 0.352927 0.259425 0.127976 0.169643
0 0.518973 0.583168 0.127232 0.166336
0 0.705357 0.426422 0.138393 0.174934
0 0.686632 0.595569 0.129712 0.173942
0 0.860987 0.426918 0.147073 0.171958
0 0.867808 0.591766 0.144841 0.176918
1 0.375000 0.421627 0.139881 0.175926
1 0.362971 0.576224 0.128720 0.169643
1 0.518105 0.273810 0.131944 0.170635
1 0.551339 0.427910 0.120040 0.154762
1 0.689360 0.265873 0.141617 0.186508
1 0.892981 0.267526 0.145585 0.187831
2 0.201017 0.489253 0.179315 0.371362
2 0.367684 0.497354 0.156002 0.382937
2 0.531002 0.503142 0.152778 0.379960
2 0.688616 0.510582 0.157490 0.416005
2 0.859747 0.509425 0.162450 0.401124
