1 0.545800 0.632440 0.605489 0.441964
1 0.343750 0.151414 0.086310 0.064732
1 0.347388 0.214534 0.087632 0.061508
1 0.430060 0.188740 0.063161 0.055060
0 0.490410 0.144469 0.089286 0.065724
0 0.515542 0.208085 0.064815 0.059524
0 0.599041 0.228051 0.087632 0.069196
0 0.584656 0.294891 0.096561 0.073413
0 0.494048 0.268973 0.082011 0.060268
0 0.416997 0.239955 0.083333 0.058284
2 0.340939 0.180556 0.123677 0.161706
2 0.419312 0.205357 0.099206 0.168155
2 0.498347 0.242063 0.107804 0.172619
2 0.592593 0.266369 0.117725 0.186508
