1 0.612971 0.597553 0.105407 0.152778
1 0.613839 0.733631 0.091270 0.145172
1 0.497024 0.555060 0.084821 0.122685
0 0.453869 0.393849 0.084821 0.125000
0 0.512649 0.655258 0.088790 0.122685
0 0.428571 0.498347 0.080853 0.107804
0 0.440476 0.593750 0.074405 0.100198
0 0.357391 0.463128 0.075893 0.110119
0 0.364955 0.555556 0.073661 0.104497
0 0.500496 0.193783 0.031250 0.040344
1 0.496156 0.231647 0.030506 0.043981
1 0.729043 0.297288 0.033482 0.050926
2 0.359747 0.507440 0.098462 0.256283
2 0.428571 0.546296 0.088790 0.280423
2 0.505332 0.601852 0.112847 0.308201
2 0.609375 0.669643 0.124008 0.356481
