0 0.173735 0.444940 0.152034 0.178241
0 0.185020 0.761409 0.142361 0.164352
0 0.513393 0.780423 0.144841 0.198413
0 0.692212 0.431548 0.163194 0.217593
0 0.722222 0.609292 0.152778 0.208003
0 0.704985 0.804563 0.153522 0.201720
0 0.899306 0.606151 0.177579 0.193122
0 0.914559 0.790675 0.170883 0.216270
1 0.163318 0.587963 0.145585 0.156746
1 0.335813 0.413029 0.146329 0.173942
1 0.350570 0.592923 0.155010 0.179233
1 0.338914 0.770337 0.157490 0.195437
1 0.501488 0.436012 0.144841 0.192130
1 0.539683 0.615079 0.138393 0.198413
1 0.924107 0.403935 0.151786 0.213294
2 0.168899 0.679729 0.206349 0.404431
2 0.346974 0.697751 0.178571 0.447090
2 0.526662 0.697255 0.180804 0.458664
2 0.702629 0.700562 0.196925 0.495040
2 0.903646 0.706349 0.192708 0.504630
